$ANSIBLE_VAULT;1.1;AES256
66393234353165383862363334623137383562343933663431376138656135343431346435393239
3065646133653033373163346661373064383337663735310a653038363164646135393637396434
30393131656663303635656533333938616261326565313936626633343162393161363162336435
3961356230313761370a363163353136323238353630633865376638306432333432636361306235
31343335613465613837663536633439373735363161376230333166633163393730626430653963
31613631353661326362643062613466653330323338643334316236666234326566333737646530
65313365616231336330346162316632363438626631623833353137383732323863323062353433
61326134376361313238393066356266383861376566376466356635313765666266643639336362
62313263356536323632343135333861313766653137313036623934396536303264653064313731
35396362613862613431613436653566663837356165636262356264653564336562376230616238
34383035336566643864633162396130386233636464396163633632663432633438393339613937
36653932336264643836636237373237383232353032326166343638663430633035386533653666
37643832363162306432363638653439623131623436393166383433623730663736316336346162
63393366393566313766616438663764343735366530643365656539393237333832646564316133
61306338613831363839303163616563663833666563353333626538643966366638363235333462
39383539643864313338396163613636346161333832613239383663633237323962356362396362
34646465393834303336666339313865613332323364653339663865633465666234623439616365
64316464316139393230366135643163653636356632396636353230613863663934353464313534
62356436386663323261303636663335366439653365366665366364666139323964613535326561
39626462663438363763613336333337343761613661326164323431393830633861306365373261
61366430366263386135613963643032316436613435383634653137393338323632663139363533
34663032323464636634643338633236386434666166353738323535326463306130643234303133
39653039363531356664376430313931396635626631633339303330663435656630313935626364
32353766316666303338303232323732303862323463333038636135343462393234653336346433
64323131646536646463626563646365363465346466323561653963383731663933623430313338
66373237323230303633636232646566343339623231353462313531643334323537623466373136
36333633633136383235633939303837656566306565346636386635303233303338366237396437
34656436643062646632383361623062616630653036366439363963613538643034393937393964
66393362316666623164393333356437653632373630333536663236393735623463316239613339
30616537623035663561643831653435326335636138303939613930643335623736326562303766
35343333613036386462396234383739353964636334333639666132353832663538393839383033
37343962373930383461613537343138303631303362343237656236323738613236633130313565
35303932336165636639333535333235313633323630613539343331386163373061633864663831
35313064643566663739373565373739663432306330303538396630613933636162623366353062
33356364396465323534653238363063316366396334623331373431643166633066383031303566
36333737356462373438313934376233363835656532613264376364343539613863616666313066
63613862623566373530613865633566343766343930633265353837343434393033663634663431
35666363313461323939343738656365623238623731303963646635316361636634346266643238
32393834653233303431323539383134306233303238303434613761306337336533323063316434
35336138326363643861313439623831373932343131313663333664343231363633313863646433
64633262633737383831376130626530353036613438333162313334333064646438343935306332
30623533663163616631386561346439346461636365653564326236343434366633653134313933
63333162333837326331373262336264316563653739643135303062663361303961663732623066
37333030393331643862663261616439353638313832643666636561353230366133633064333965
34653335366562396339353864323039346131383965323537386330356436363961613439316261
37396237306336376562343236303139336264636130643362633361613733646563653837636433
62373765393236393535356134316661643732633831643134646239643466626632656237363438
36386366303934616135363538653435666661313862333032346266373965306361316362616337
37386533366135343136623431666130646233396431373932323763363635393163333235386563
31613632386666663035363436643536656332356564643065653933373237656232323862333131
33646466356433393937636537646636336363393165633832656566353531653732663235656338
65376562656235613663376536363035633362303231643633656534636164323366366164353730
30303361356431343039353136313765636565623164613932613138663830343564373832656665
36356439343462373332313862633331633866346263323330646563333666363761396335306233
31643263336663643862303534653336386535626238643332663735376262363731343635356230
39313633643933336666646235373963376538633933386461623162613437383862376661316562
36626330356335643962323936396366363233373261316362323230313364623839363862396137
34376637666264376661313463313735663165393063333966313631623331313531346464353437
35613330656330363966363963303036653631373639663863393561366630323032313038663164
32373061363732366332326636306233613266613333643434363035633133323763333631326631
35383836303337313632313238626236373432616265623936353262333662393634306138626237
61656532656564393838633439353065623865373235633936333032303964646337623335656431
63336363326534323735373037396366616465313462623836333565356631653133356332393161
38646138336562636137326465663231326235323833616333633830646263393831656433636533
61623461623965616433316337333536336365626438393030653764346563653063376265366431
37346234613063353261623839313931363439333230343735306631323363616139316339356430
66333234383430393963663630393666333338323830343736313861346135373333313533303432
61623433663636373633383930623134663239623061616138626365396263316364363765346334
62656532313635646533393533363631616436353735393836343635663337616264393939386534
37623630333831356334306339613835366337333635393231303338383433393063623633633133
65323336333931373463666265356333393632663565333431663830383339616239366561306266
65383839366664643961653664656335353361363162373335363566303935346630333462663866
64363739343535393365306233366238343762323063343237323234306664363966616361393931
31306264623465623466323138336539333161626539653663636632623065613936623062646237
39633866396665633730666630643762336265313063356566363130343662623764663635656139
65323935636364653162313062323732373837363466646239646336356333343733656330323935
38323639373432356232313466663736316366653066373030333338333734646639356262613432
34623062313035393432636439376663383336353238303735663730396435653562373832666465
36623833393438613161333566636533393939643931363631656639343630646637613039373736
30346331613136333238363735383533326530633734393232353365363465333037353632663632
33323835646331313063393561316434336361666534633066373230626530346537343333333764
32326433383530613137323366656232643537616535616438303461316365396139376438386235
37303537363334626133353234303332663235663933343139653665616362323036633236343933
61303732366263356461303538333065383161353339663632653561626565313063623831366235
34363262663063356432313530316531636464633262306566353664316530653830353133633835
38666661353336346164336637363961366233383766613364323365643731376638373764613336
39353663353465633737343365313964313030636163353861373565323738323539646238366564
63353264633432323765323663616432323130633463326466373166373363336236366431343832
33336664353764656232373664353162363833396234633933656539353631313361306236376330
39643636333537313534383833663733303363393661376131396132383535383035616433323134
66316238333037386266396433373130313663666439313934613432633637313232353666653861
62336134653134386265353563616461653234346637333631353134623534663031626530353039
32613039376335353135313536623335653430333336663463636365646364326532643230663664
33373862323764383137356532643539633035376632643037626435373631336635386138663734
61326164316631613236653630613330623862353863626631323233303331343830316431336364
31613161643233666337643030333735643931343065653930323635313936386166366336663030
65646431383063643565663965633062656537363938363934653635643634363262376230643131
33303964316436643631636433303434616236633262653736376138333234393435316436666632
35336431306137623663396436626261373831393961343634383832633137353432316463356332
66323164356461613561386637616563613736376662613632393632373866636434633161653835
36626535363537393137336438323537306634303437303431643534643830326661353662646138
62616461633334393861306536323065636561363336323634323865366662643438363262386435
34316436373731386138323635313762663030333235383630353431343336336566623539303534
35393931386336316332323964343862336665626134666139383634363231373331363961356464
64323734653632663530316533396466303534333234373264646230326264353561366464306162
65613963303130646332306236393534326235623634643030633536373163346664373833633539
35636563663063613066653937313165663664623930613062323931386632373366393464396566
64653761386538353334313833346536323132623439356465663933633634326365636331306563
30653737393966313935366264616138346338353038363031636531613437616565653236666664
62313535653365663362303763333862623165343464643732646161633739353238333435666534
34383761323766393366356138363631646236633164376239666565303431646361363035363063
34346437306338306136623832313661393337646635646430613837366235393636613738663261
66383261643837653438383039616565373563363261666132616636373463323239333263613261
34656565636134663431363164666638316433333966383236386232303936313336346131373338
31656332323162353833383832323564383933346433333365303061313362363535356638346566
64643131623361653233626131393335376463306265343062303663313836336563643438313531
66313962316361333838653866383730303964306332343361396662373838636530356237643337
31663638356130623538613064313937643637333563303832323561303235376636616633633765
39366137353536626530646538653366636432656434326339313266616461346437376561353138
65356237626661356232303166636461356564666165623531363766396239333636373934363861
39646636353136383730623965373234386264383962323732343038383261643035646164313731
33656638313831386361316433306235313238323665383739643365396362623736663638326162
32376461363934646261633433633633373330643465646130613165663036386433616264643032
36326363316666313439303136653061393834343231633030633166383337646239643635633634
66373438613062646436336137336663343565313932366662363163653062663964663665633431
61356163633535623231366538613164373163373765323438656430663535353037313865643039
31623863326165623363323131333430343136663533306635643132643232346330323139313339
62666338663237313335363438633935323965316461366366376262643431663566613836363163
30323063333830366533326136653131663733316336393431643162316637313237356264326233
32663133306364306639343830623565396637363961613961313131626631616631363333663665
63306530663534356436396162346562633435623739323738613433373038363334323832633034
34643132323238373130393934666538323932623030323062363031656161333362613864343438
66323939633630313863386330633231643539333632613962366638663661363539366634333361
37316533303433623139366430636665653736636638373862363765306362356662643764323662
62333232653930623631653366306562303961643532356437636361336266323066353665643630
63663830303131333433646463396637306634373161356132616438373235386335373838333337
62626234363961656263653536396630303038333765363831643930386364346331626338666463
30373131313637623064343537656335313165346265326434363363633065353538633164376566
34346337646535306564356433643339313063366331356264393530646131333266353936383834
39623364326461333832336233323637613532323634323139303138333833623464303936313736
61353733363933653461306339373962363665656466623739623965626238383061643831303565
35383962343832643963316339616534383333386432306237653864343365353164333962636433
31653931353361313162316262613032653162303637616138326562326562623036623566313861
33653432313732646639633538333935396630653762343831613065326134633138643237333039
64623161353561343464316461383361613536643831633039623539363034313139396134346461
63623661376632663661613763633536366330366166343135303234666634306165636464623431
36633832636463373530363835386535653937353838333036306533353562653635353265363064
62313334366363356130396663373935623564626564313262316533333466643763353661313037
37336437613231383261643134393365316362393031393939336463653164653133616165306630
61653935336636303964663630326363343463383733376136623236313836626238303133643464
64656563333362326635663566396364343131623237363133343863303033636137396165653231
31666139303332393533303533633739333761633632656638336662303265626237396465373866
64363137343935623632616134656563653832643132393035363161313933343365346537663163
64363736333230323162333735663637636336303137336163386531356335333265653363323332
32356331633431646163316366303730303039333464653964333439353638366565366561306330
31376135653230613639383438356462663334643462336237653763373634396466326361353063
30613435613965313465323263393133653538643064383235623733346264386339386139386531
34646261336464383836323239383430396664363163643531663365383066646163373033666164
35303266336132356632656465383538643330383036623732616561626262613465643162343133
37373965316139653563366330653733343661333931333964623064623437373533336633333564
64663061313131396431333933393938353931613538653531356237356332633166386465393565
66656639636261303466643036653832323439366161316566623037613665636637376661363163
61393464313166326662613336323366383961666232366235323365343539386435376630663664
63633566616266666563633230336563646435363834373636323134346336616438376436323134
32313866376362366434383966363762343736626564333331313063366538333630616235303263
30333038333832313663376533393037366564626163303332613663373863396232633833663765
64326333313162303933303838346338333562343065303765656137306633643035386464623765
30666536333439633237313966366133646233643238306533393364393334613539633631366362
66316563396338393238393861653731353733313934323935616539663039303566363331383739
35396439643738386631366133356238373265623739376663363734353532636439643633313761
36306430316239346137306335383666653336613238383339336432636137633065653337373337
66376564333936323661383965623936396630636637633534346234626236316465616666646531
33373563376430363764383732396666653636343761373135613763366137613736626437653834
34356136663134633331306133393836373730663962633766363834613263633163336231383234
35636364646266363838616631643137323336373965303535663338616636616365636333363637
64343364636563323339383331386630383032343563306231633861613532646532333562646266
35633233346238666133633333303331383661386539646466613137366433356131383235643965
39633338393939363834343830386663313032633165353237613931303466346432333263366263
38666638396433623866653730303264393662363236633939343930626265336633306363353636
33363235633336666131303032633866326237396331343935373538663865643136623836663630
33303861303632326166303063336337373962303736323766636336363837663134376531386466
65633332393237636434313839393932393163663763386464393830373939383363643466393435
61326362366434626233326162316265363233313832653866616564666461623930306266373933
35333632353664343565333066623439393131373931613664343234393638663261643636626231
35316433373633343361613563623766643733643935643062383531366135623565393863363736
34393066653531336138343964663966636139643337663033656630616433396539653534373533
35333231656438353735316131383561306433633435393539326236376463316239323835313364
34386666643061323038323163633363643733666339663934376361376364366563306631336139
64386334363462613931326130623531393539613832323965366137666533366263656236633464
66326665323130316632613230613330363266373964613738353639663238613164376366303461
36323561653835643866363361303331653734613936336161336562666134383434353735313533
61336139613231653761326434303335383962643633313432373666653362343165623964336166
62396434616230613766366632386231656561356231323732303936366464633035633536356632
33303131643964616338646233656262353636316236623132353630386135626130343566346234
32316638343936383931386436663531336231313039313532356337646338626437366532303636
39663131346161366234363439313537366639393930643638346464346138313263333633376164
63303637343035373965323035356335336662396463656330656539633862373166343263383962
33303831326232663636336664386630663662623235393738653335663535386165616430303638
64623561656136333830326438366232656638336235613430623532343462646361393335323337
39346266643833316163626562663763653031363161613730333436363261356265323937356234
66623965323734343663306466663932306434313035633338353061376462336666626338333431
38383864396237313363303938366439303237303537383835323339613631643436643035653362
35626163636463396137616666363261343030356265386161616465663436313634353738663663
62396635333537633036663665633332643062333166343934616266323539653337343566313132
66323363653766303530343062643333653965313466646361633438323238663963326531366163
37376165376436303239656139313732393865623430653133316162323338383661396465323263
66393065353330663838306237643665316430646530653866373632363338636434616464613938
31323935343361633536633037376334636533653039386566363934303535643361326339393832
37376134623738353435343632353338336437396266653534383531653838633232633331646461
39363632623332623530396136303461636637383530626263356364656637356363623133636665
34353738353562366430633232663132346464666137333731656361623463623061663962653666
33393861656362376639336335396634333263373264353465376233653534383934633466376137
35333735366530356265343964313762303031643734333736643761376335373564646231393330
37373231623733376238363561623162383562356635373837616339353438353339663865633231
62626333396461326639643566623032306537663137316166643938353237333030333166383435
64663435373665353431623534323634373232373335373538393966383739313736663433643631
35623463653435323065323164303366326231633735653466646131323232353739666365373165
39313039653962656231366634383465643539313664663565376364626463393232616530623962
33323434346265313437343735326438613061313765353136633866346334393431626261333433
31313561383930353363326438393664313633386336643637663461653935373231666266353631
31306333383836336663646464323938643030346436386334396533633732306631646336356438
36303331653364333263363838366264366233383532393632373265646239633035633937303666
65366565386132646636363737353066626336653933363730656437386332626133653663626464
37396639303038376334663363646263316231343334623962333363653862313933653765623931
61393336663934323864646637666530336663336265353364356632373461336334633138316232
39356465323834326139616663393965353933356136643236633232653063313261623534343138
66396664616631313237373965626631323230383962333834313632353631636639353434303265
31623834633838663132656566333663633337346564303538663836353165663664333738666531
35613433663931343339636530346262336333656332336632356134636361323733623435343939
34666362386362336230333738333531396135306633643261666163373236396533643036613166
66383638303433643132376437373331393436376435373539316132636133333864613365373537
33393364336463363765356633623864376134306434363831343663396638393561633366363835
38306563313862373661323437363963616665303931666463343736323463626537313939316335
35346662383361366238313966303131623465646637313935363061373630326532336132386563
38623662333439363733313165383131353036303339623430633339393332383633366565363933
37373537343238656432653737326534383430613137623566356238613463396237366530663439
37626232613762636466303538323439663662393738393230353839613264316662666335346433
36333037313836366631623831643364633638626634663566663030343666353630643234616562
38376230353966613964303132376231616665663961643633366130626134646137366333613862
64373031373732663061353132363635613037633433373537653933303233323938383766326561
66313734383736623465653933313663373935656436386231306165326635646433
