$ANSIBLE_VAULT;1.1;AES256
37396333323239343364303736616531663530616366373361346562306633636239336561643065
6436613537313935376461343935303634653665666132660a366535306366613234396631316535
31346639353966323336323762383331333234636430393165346263316435383665313465383433
3163366130656130650a666333633364616631336136383066333031643137363830643438653035
33313335643166336630653839663062316138353765633036373535626132333262616133653362
33383262333066336332366538393865653063636161373936623933613265666464643334383430
36393562346135323534373730366465333638653563343034636436663935366661353766326433
66646562363838643762613538383162633039373732373336346533643636333031613463363562
34663135633030663237396330323133333335323634643533323436353735313965623161386437
62343063623639333238393763636235393865336261306661633031633036303061313233346339
61366533373938386161663434666235333533376337623839326436373735323162323335396362
37616663623336396430333138373832323737333034343232656338386662366663356364333066
34376239376333333163643631323865356366656566346535306266633237636463666436616236
65373239373430346163393435336134323861653439383739383437376130666133613735346566
61653461636464613866326335333266303561303963646133393139333737396662613764353539
65656562313262303334393439396539306534646539626265663337623134313234626630616230
65323763323766313036653761393063303236666466303062663038643634343438326463613838
66393532366465633761303661356331613264363631333035353130303139636563373466316561
35346631636665373862396234386330666331666136373465653936303333643637346532623966
65666433656161623138306261346539383965373964346265356139366663323538616131323661
61623334336130646464396337663235363465626539646361346431323635356632356431326366
37323164333334623861383261313164623931316235373136306430376537613831336336333064
38306262333265313032313662376532653635633238326461396432353163323336663965383864
39343166643237613033666230623066336636346632373533356231316336323866623134323332
38336631313565333734303262383136653866613833323664663636626363303761363139633236
33363737333563643330393261613437333965623866333165373563353764626331653331333065
33663039393230313537623631626565363834383161626162363663306262666565383937303231
65363535616638323262306439623533613865663965303435383366383034303039306565663061
61633064633639373235386265373933623838653832343630616466353961353635333532363532
66313935333937303635346234636266616631346638323838613961643538313838393663333162
61393065346138363530333366373931616164333135326437343234376433656634343563393234
32353463356638393261613431313737633938393266326430306463356339636264653032646362
32376630346162373331386664386165613761623938626563633465353266386636336334393738
30653164373561393935666464636233363733306530336139323262666233386436333839316337
37376166663934336264633466306664306233333861373634646162646165656234623334633631
39353038613633323138396136656365636464353737653235383133653535643762386637323134
36366166366364643730386564646366623436313630653033636261623564613961306339383964
39306239393365303465363561616461623238313238373931333933393439306130313631653861
39633165663339633937623436663765313737633462616261373430616436313535373164366135
66343136636236393264386630376238643032656564393466346335356332333335356539306463
61663833663566386436643439363130373530363533613736656665643638383262653030393066
37383263333435646338623839663633623232376430613433356264323661373632643135623163
66613339393836613333613862636531656365666134643839346432313633323835326638376637
37336435376465643331636564653737393031303139663434383262363663326464623365353565
38326239326265316163346566656666313236326632323763633165633731653536333339613230
62346139366635386334343163383264643531366639663665343936656465396434646362326537
33663564353532383634343534613931313338626536313639336333336533393161366236376161
37633938333538663963323762386333623036326662333162393864323233383063653263393866
39323935323062633132616339646564653864646361626334316362656235306331393833346436
35373232316165386238383836336566376231643637316337306336663037616134353761386337
32633264363133623763316335616566396637613638366464336439343239373231653963363437
64323036333364656538323063323462643466316464636238663838306565326639663462353538
61393864343234343236333637616236323833393463646134303837303636343832333066663130
63313039363466333131353636636436373761373630323963363764396364313435386332343762
63643834316562623930653364633366306130376361663039326335396235633965376335333833
30306530633135643037313537613366326362383862343965343966303466623863343866313665
33313265316666353039316532336266303536393261623538386363396336666634316137326638
30306637303237393431646534356261626430383937303633313035323663656664633337333862
62306137323937653537656433323561363562616436663364393566623331656133326465396231
32373332393463383363343636326434643237383438336633653239303330313562396464613430
32393164373366373836303335623337333030323232333430326334636234363962626332646230
61333330376161636464323365623732373133653035313865663933396335373736373439303439
65646439316330386538656436363537323663653466303531303339393666343130333637316566
39623363326130306161643036316236633464636665376530313064366431343531343637373736
66306138306631646664323066376433343430303635373663623939323066643764643339343863
36613233613161393537326339353833636531656162616533303862666338313936643139363665
65626333386534363962643337633738663036613437643632393230386464326239663434656162
33663735343131636433643338653837613732366463653032383262633435323262323065386233
34333530343633303865656636326265366538663934666564323138306438346235613035376438
38343432623934633065333831376661356338663836626165333230613364383136323933666161
39666337633935363962313231656263323034666265383562373165613234313834643566396437
36336230356366313637343565346237336566323566666232653461626430366133663939613534
66613033666233373666343265393531383330313165353230306336383236656436626131643030
31383933343336373964623962663931636233336632646335353837343037613561613237613930
65323433393837396364373537313638663464656533396637393838343866386166346461653063
33356166383634373561313931303230656161653561366164613230323065383061653263373366
39376132383063396332346566636236376461353763303330633261383534336330373034346461
31626336313065333131643730623135666534653064333164376332313664383935636362393633
37656133333863643333303066643866666466336466656434643136323832306230336462346138
32316635626637323032316266303665366639626162646337336535653135623338373261353437
64396535393035663734363130376233363333323063643539616235653039663830303930626361
63626465386163386337346666303462323335646130653663316565383432363936636366346565
33393937363334386237313366653064306634656461373332356537633666353465336335653966
37643361653465373632303966343838393338323431616434303433333837396134313936663964
37373663333937663561316635646337613032353233303538636535666564346664353234663932
62343136663965393831633762316532383134303334343038656330343337343833623739306335
61386464336265636633373761303834303764373164326131616530623362323136656564323238
38363963383935336465393336306562333330626338653030636562663531643134656533313162
35306633636138333130616435623532313561393630343666363266643264636237623662313266
37313665316231303261646562383232633333636265343564353933663265613566313538373236
32353438653130376362613438656238383433373436373033333565383763333238623966353362
33646263363535353330663465336461643239333363323936313331303265333065636166383938
39653465623739643333666661613561373830316163643237303839663435646635386165656335
33303462363535336263356463343730643366653463313662666432633637326561373939656330
66616432366231323965646537666430373238343033653564323964373538643635663962396333
30613462616530393736663733613062396563626461316165616635346464373933303334333436
65386137336162623364646632656239306265363064613231333661383332313337663035656334
36373266313932636365623834663033336537313264346463313261303561306537323964653634
36656232643365633562336665343938326430393262383933346439376639643237303962353135
33343862383930373164663736323033616330346432333865616231333534633934366137343265
38666161653134613131343637656335323330353737356438323437363061613861373564313265
32366537613233373830633262326530646236313231643563316261613035383333633065316161
65343634376562363935613031653161353831386130663863323732313462613937666165373133
38646237346262653133623032306561643330396230653062626532373139616638313139353237
66376138643766646661666461653838396633333463663038663538313566616463353838613164
65346166656131633662383465346336383735663139653035373433616563666362636335386164
62613333313333323733613830646362363537636131636165653339306261393539326466643230
35306664333734326639303664643131376665383763353763666439306433653166383831373362
62323462323736633335396535623035393563653233363232383639363336373133353532346237
38343437376633653331303239383939613031343563333662663038383335363264646561393264
64323933613837343133366137653632353936323961626537613738643565363862313932356532
30323630663739383238626665323630353735646537303638356331656439636130656639366530
66303639383236343964393931613266636364303464313035636133373265656632303436316663
37383664316638366333363738613966626264353930666434353066333635313039303633323236
66666566303232393934356232393233663635316338613565336137663537343130353835633935
62376665323062326238346261313164613963383434363236346530613138616135633038343266
39313934666236323336346662363836323930663664373164303935393364326238316439336163
61353664633764633130623030393664666262646664356664396339356232613666386234653538
66356639373335353764323933316134383834663132353331353139653133323438373432376439
36623134323536613936623635396539663563663262323662363834623566663034616137633661
34373464363463343835653066313663326633323637633934323365653862383266656432653338
61656232393634366564323562343737336630303631303336646431353631346632656566656439
65303135646339653239396363663638363866623034636134343036336535643663326431663737
34653934383834393337303836363831346137616464653836393063326631376662313634333536
34653362333866666262666437316565306663333662386361366566626633633662653137623665
30646438656161383335643766383761643530383064393031303764643539333636303661306231
34633461323136353031636466616262313134643061373461396138396662316535613965333033
35343434366363396235396539353132303361393836376165323766633362626334636362303534
31616637303838343166366637636566666633363031313733613462313638643766396431656333
39633230623863396130663266623864396261643139393439636338333637393465343562653537
30633431383861613330396236323837623762663238303035313234613965353365623834376565
39326262343731356236313465623332353666346265316135633632663637653064623365376131
66336361666338333735663862653662333839633261376362373830386337376564616331643739
33336337323935383232323137613162373235336437323762333030343765353338353530643464
34616436646532653530393236666639396435663932323265313332373335666338636338666338
38326130303134393236376164613464396566343636626536336332386362633362646437393363
39333439376566663262393563323631643734333464666630333837643265393934316633393430
37323034626434656637623131613765626539343832373834346234666133373336666262353861
39343932616538623461386436653363613766636261643462653539623665303639363631393763
31616535303134363030636330313532393464663862656565313661636433323862326561656664
36303038643831613762386236396163373136303663666431326137613737633539373437303461
38633336643739336139366465356332393163636439613262323566643431366136393638333131
32326536353038643661643738303030373133306338393261396563373630393666306133313339
66323632363738373439666136323266363864623363326137373261313539643837636438316463
37346638323431653237636132383035666534366461313430633461333534346637346530393734
31386133383930393136353034383262366366663233323961656138383739326231396135626238
34393135643438663231303433646338363263346632363237336437393065316638353633326165
34316366393265346235306438663166396661326237636661643430313662633461306232356231
64303531633261636263393339343863336363366335343230646564313739326263626263663264
63356162333865303232336330636339333135663730623836383663323134373030346366323932
63396136306131636132373631653838616464663733346164343663356133323163653334633164
37663463313963336630643339353136623434343632376137333763303231643364666135393133
39663837653833383131613564616634336635383931643065343665306161326337653063663039
64363230396262386130653565663265623738396639646161303434366531353462393264333136
63396633616530323662303033343464343132633734653862343536333839663931346336363835
62373133343865376665323838373065343933643831363832353431633237643834373039383835
66643062623962363933646438636630393035303735633465646464663963663339333037613736
32373663633463363266323864306335653434326236316462636538616134633336663433386233
36666237373162343339663861346131306334633739346231633332366465656362646536623135
39643364333364343632363039373262616265663132373838616165303531336230643565643639
63373437336133326662346336623230613238306331323536353338303735326331323335633563
64356461643837616534316336326163366666626234656434313463323839343136393534383366
36636230623230656233636231376331663331653564643431323633646133346661616331356566
38353836303034393566393965663430336266393338653131363533363732346536626139323138
37366139343137643830643330646133386363306132666464376334383164376336623833656337
34363737336562643366626630303331313530333530393936376337343030646339666364353963
37353036323335356339383733393630366265636136343237363661393837613037363332636336
39643664373634666262306134363133343133666130346434333032616237373364316230326430
34356562363437636361356363643732346136313136386532666362343430326266633563666637
30326232393930653462373137373662623139393337616564396565326337366161313065333166
61346232313566393234363663663662356635613132643866353763353035343665366366353833
35316132656465363963363930343362376566373331663166663738316337323330373733653063
62373732383266643539646563316563663532623864623064636331363864356439313839316233
39663236613465323231643966343961393935333235653136326666326639646266373631643830
36383065303661336161376562363933306635616165353138366462313265363762623133393930
38623763356535336430656239323730636130326365356536333063653034323065636565303933
62633534306533616461643632373332643266643232663336323236646361396133386532316133
38373738623365343764336234313230333633623739363734656564646663653864616361356633
31323330626663643934376364396663326331623463656536343332333964356364663563333435
65386330633239396131313034353331656461613366313337313737656435643034323166633061
64383236316231326538386666366630383962366664623564643562343666313831373165363165
33616535323131626237306239633731316530663032613933653633333730306663646662343438
31306530366134613561616635333935636137393462623864653232363536653662373563373831
38363535653363666162353166323930653535623364383431376139656530336432663137613137
32356632626234373864363438353734393536653863303439393637363536623466643030383137
32373462323635306132306436373234613334616635393765663533393935383666323463306232
39386262366230633635643738323734656632303462383766393634326637633239613566636532
31386333333866323137626264306431353135656631313335396434656235343339366633396333
36336339643362653664373466313166653130626336643632626139623132303036376335313761
30653565646235303137623539376437383737616338353161663831366439663634326234336538
30636130346663613364396663303032346535366166666664383136353033643163653432386366
36363739353363666137643562353337316466396532346235646631613330393736616534386533
61306464356235363666313761376461356232383063623438333966386135646637393035343164
30363639313666333761346137393365323761373865333161396133386365653431336437386565
31616162353536623436663032356637643565333664303165656164623234333438333432616438
35313331356235333063663035623938666232376637333132316366306336316533613239656530
62623264316233616139366437303233386662366163373365323863356335373962363266623730
64363737636663383833613033326430356237613833396630313233643635303731323835373964
63663262326332616166363762393937353133636539326539323132383135623433666631333131
63353264363435323866616134353461363165333239666239313537343931646665626164353064
35376563386533366234623762333138626261376438646166626261316337396232333364666330
36643636393664316161306434326538353136313832373339643637303936626466373939386238
37373735363463333135636338393565333334396561313038616566393033666265366233356233
33393464343136323036396233356532316362393863393362373739336136303038643039323262
66393230343537316662386463353535653330643564316363666366363339616238383634306562
36323031386439313164366334376232313436663836346134346365396163356430326663316435
39616265653535373539613236653536376464646238396137666335363035366230346261623530
39613965616266363334643564656339663632336432393765663536333264323436363931383130
38363537373565646630626437626361616262626262313031363534303930343735353330663232
39393334636231646633666636353161376335343766643034653961636266393565666332303735
34396237613239616638313164373064356362663165633135303235343636646366356435343761
64366233633738393134646263313162653839623130646434633962356339336661376537613666
33356663373362376136323163626238383764666236633064353234393332613731303739653732
63363962363266396664646464636231633036623132383839323435303534393066313437646136
61653163316366363164306466623961656563363536653339396136306236376630613237633264
65636233646237326662346666656131383664653033363132326531623936303939363563323563
66303531323832303561333536663565626664363030393232356632623638343933313730623861
35346133633763386438653234333439376433626430633661366132386233663238653938613061
66363337646134386638373364363632336434383830626339646137646639333437643965356264
31623936666338313462313135653766383035336533623930623333383332376134666530393063
37376239306234383230323136356138616133366639633230336537346639363638383839323238
36666338346566626561373663653438353465346131626433323566376335613736613664636138
37336339303034373033663034336232636666306639626563653832383539613536333631623362
65653235663562366636316262363961383134323963643439626662383262643766316330343166
65313933383939383665646634326635316530333931363833373837646335396564376534323339
61666233393831663331393731633966316134626139643538306633386165626135386533633637
61643466653065383131643337613561383261656666396431313361386264333836383237383334
64393963363361366632663731616664393031666466653934373165366663643134613531613837
39643236663964303938623130376563383663336436643334666638303365636239633863313962
30366361336133393661623666326563386437336666343637643363633166613237613438346263
39363632663437316530633131313266323232613439373635663138363932663232396535323864
62376634373638383035333964393938353636363138336638306532333261663334663462346264
6163
